---
build/images/favicon-16x16.png: 2021-03-14 19:36:09.864858514 +08:00
build/images/android-chrome-192x192.png: 2021-03-14 19:36:09.785888351 +08:00
build/images/apple-touch-icon.png: 2021-03-14 19:36:09.786964462 +08:00
build/images/android-chrome-512x512.png: 2021-03-14 19:36:09.786739798 +08:00
build/images/logo.png: 2021-03-14 19:36:09.866613661 +08:00
build/images/overlay.png: 2021-03-14 19:36:09.866842087 +08:00
build/images/favicon-32x32.png: 2021-03-14 19:36:09.865001715 +08:00
build/images/bg.jpg: 2021-03-14 19:36:09.819288275 +08:00
