---
build/images/favicon-16x16.png: 2021-03-14 14:34:56.308714469 +08:00
build/images/android-chrome-192x192.png: 2021-03-14 14:34:56.307399895 +08:00
build/images/apple-touch-icon.png: 2021-03-14 14:34:56.308233902 +08:00
build/images/android-chrome-512x512.png: 2021-03-14 14:34:56.308046858 +08:00
build/images/logo.png: 2021-03-14 14:34:56.310150505 +08:00
build/images/overlay.png: 2021-03-14 14:34:56.310367483 +08:00
build/images/favicon-32x32.png: 2021-03-14 14:34:56.308902133 +08:00
build/images/bg.jpg: 2021-03-14 14:34:56.308603373 +08:00
