---
build/images/favicon-16x16.png: 2021-03-20 19:50:49.310103269 +08:00
build/images/android-chrome-192x192.png: 2021-03-20 19:50:49.228619233 +08:00
build/images/apple-touch-icon.png: 2021-03-20 19:50:49.229814843 +08:00
build/images/events-9-16-ratio/20th-february-2021-managing-high-and-low-performers.png: 2021-03-20
  19:51:38.511985198 +08:00
build/images/events-9-16-ratio/3rd-april-2021-architects.png: 2021-03-20 19:51:33.106347028
  +08:00
build/images/events-9-16-ratio/20-mar-2021-working-better-together.png: 2021-03-20
  19:51:41.027860076 +08:00
build/images/events-9-16-ratio/2021-fullcycle-engineering-leadership.png: 2021-03-20
  19:51:08.928026928 +08:00
build/images/events-9-16-ratio/2020-gdg-sg-devfest.png: 2021-03-20 19:52:01.280728721
  +08:00
build/images/events-9-16-ratio/16th-january-2021-engineering-leadership.png: 2021-03-20
  19:51:59.789607775 +08:00
build/images/events-9-16-ratio/17th-april-2021-engineer-career-paths.png: 2021-03-20
  19:52:14.934757783 +08:00
build/images/android-chrome-512x512.png: 2021-03-20 19:50:49.229593978 +08:00
build/images/logo.png: 2021-03-20 19:50:49.312187545 +08:00
build/images/overlay.png: 2021-03-20 19:50:49.312556094 +08:00
build/images/favicon-32x32.png: 2021-03-20 19:50:49.310254198 +08:00
build/images/bg.jpg: 2021-03-20 19:50:49.264107187 +08:00
