---
build/images/favicon-16x16.png: 2021-07-20 13:23:36.480568290 +08:00
build/images/android-chrome-192x192.png: 2021-07-20 13:23:36.354894082 +08:00
build/images/apple-touch-icon.png: 2021-07-20 13:23:36.355672175 +08:00
build/images/events-9-16-ratio/20th-february-2021-managing-high-and-low-performers.png: 2021-07-20
  13:23:36.468290247 +08:00
build/images/events-9-16-ratio/3rd-april-2021-architects.png: 2021-07-20 13:23:36.471955450
  +08:00
build/images/events-9-16-ratio/3rd-july-2021-developer-productivity-at-scale.png: 2021-07-20
  13:23:36.478734467 +08:00
build/images/events-9-16-ratio/9th-june-2021-engineering-productivity-metrics-and-morale.png: 2021-07-20
  13:23:36.480281278 +08:00
build/images/events-9-16-ratio/4th-august-2021-the-need-for-application-security.png: 2021-07-20
  13:26:38.868026070 +08:00
build/images/events-9-16-ratio/20-mar-2021-working-better-together.png: 2021-07-20
  13:23:36.443939049 +08:00
build/images/events-9-16-ratio/2021-fullcycle-engineering-leadership.png: 2021-07-20
  13:23:36.467473728 +08:00
build/images/events-9-16-ratio/2020-gdg-sg-devfest.png: 2021-07-20 13:23:36.444527696
  +08:00
build/images/events-9-16-ratio/16th-january-2021-engineering-leadership.png: 2021-07-20
  13:23:36.439993605 +08:00
build/images/events-9-16-ratio/17th-april-2021-engineer-career-paths.png: 2021-07-20
  13:23:36.443003628 +08:00
build/images/android-chrome-512x512.png: 2021-07-20 13:23:36.355528827 +08:00
build/images/logo.png: 2021-07-20 13:23:36.481860588 +08:00
build/images/overlay.png: 2021-07-20 13:23:36.482041062 +08:00
build/images/favicon-32x32.png: 2021-07-20 13:23:36.480687600 +08:00
build/images/bg.jpg: 2021-07-20 13:23:36.389958941 +08:00
