---
build/images/favicon-16x16.png: 2021-04-19 10:28:56.275749530 +08:00
build/images/android-chrome-192x192.png: 2021-04-19 10:28:56.180229560 +08:00
build/images/apple-touch-icon.png: 2021-04-19 10:28:56.181272117 +08:00
build/images/events-9-16-ratio/20th-february-2021-managing-high-and-low-performers.png: 2021-04-19
  10:28:56.272183287 +08:00
build/images/events-9-16-ratio/3rd-april-2021-architects.png: 2021-04-19 10:28:56.275322487
  +08:00
build/images/events-9-16-ratio/20-mar-2021-working-better-together.png: 2021-04-19
  10:28:56.269772997 +08:00
build/images/events-9-16-ratio/2021-fullcycle-engineering-leadership.png: 2021-04-19
  10:28:56.271474663 +08:00
build/images/events-9-16-ratio/2020-gdg-sg-devfest.png: 2021-04-19 10:28:56.270374833
  +08:00
build/images/events-9-16-ratio/16th-january-2021-engineering-leadership.png: 2021-04-19
  10:28:56.265838641 +08:00
build/images/events-9-16-ratio/17th-april-2021-engineer-career-paths.png: 2021-04-19
  10:28:56.268869355 +08:00
build/images/android-chrome-512x512.png: 2021-04-19 10:28:56.181007236 +08:00
build/images/logo.png: 2021-04-19 10:28:56.277266525 +08:00
build/images/overlay.png: 2021-04-19 10:28:56.277476424 +08:00
build/images/favicon-32x32.png: 2021-04-19 10:28:56.275990354 +08:00
build/images/bg.jpg: 2021-04-19 10:28:56.214178661 +08:00
