---
build/images/favicon-16x16.png: 2021-03-14 14:03:41.179677869 +08:00
build/images/android-chrome-192x192.png: 2021-03-14 14:03:41.178157490 +08:00
build/images/apple-touch-icon.png: 2021-03-14 14:03:41.179144593 +08:00
build/images/android-chrome-512x512.png: 2021-03-14 14:03:41.178873983 +08:00
build/images/logo.png: 2021-03-14 14:03:41.181036925 +08:00
build/images/overlay.png: 2021-03-14 14:03:41.181257606 +08:00
build/images/favicon-32x32.png: 2021-03-14 14:03:41.179829195 +08:00
build/images/bg.jpg: 2021-03-14 14:03:41.179549987 +08:00
