---
build/images/favicon-16x16.png: 2021-03-14 14:08:33.978671971 +08:00
build/images/android-chrome-192x192.png: 2021-03-14 14:08:33.977257566 +08:00
build/images/apple-touch-icon.png: 2021-03-14 14:08:33.978229892 +08:00
build/images/android-chrome-512x512.png: 2021-03-14 14:08:33.978046430 +08:00
build/images/logo.png: 2021-03-14 14:08:33.980233993 +08:00
build/images/overlay.png: 2021-03-14 14:08:33.980547418 +08:00
build/images/favicon-32x32.png: 2021-03-14 14:08:33.978766875 +08:00
build/images/bg.jpg: 2021-03-14 14:08:33.978548333 +08:00
