---
build/images/favicon-16x16.png: 2021-04-05 22:21:43.212660147 +08:00
build/images/android-chrome-192x192.png: 2021-04-05 22:21:43.122012354 +08:00
build/images/apple-touch-icon.png: 2021-04-05 22:21:43.123129797 +08:00
build/images/events-9-16-ratio/20th-february-2021-managing-high-and-low-performers.png: 2021-04-05
  22:21:43.208221280 +08:00
build/images/events-9-16-ratio/3rd-april-2021-architects.png: 2021-04-05 22:21:43.211932004
  +08:00
build/images/events-9-16-ratio/20-mar-2021-working-better-together.png: 2021-04-05
  22:21:43.205339239 +08:00
build/images/events-9-16-ratio/2021-fullcycle-engineering-leadership.png: 2021-04-05
  22:21:43.207262473 +08:00
build/images/events-9-16-ratio/2020-gdg-sg-devfest.png: 2021-04-05 22:21:43.206000481
  +08:00
build/images/events-9-16-ratio/16th-january-2021-engineering-leadership.png: 2021-04-05
  22:21:43.200375813 +08:00
build/images/events-9-16-ratio/17th-april-2021-engineer-career-paths.png: 2021-04-05
  22:21:43.204489054 +08:00
build/images/android-chrome-512x512.png: 2021-04-05 22:21:43.122889966 +08:00
build/images/logo.png: 2021-04-05 22:21:43.215563538 +08:00
build/images/overlay.png: 2021-04-05 22:21:43.215841459 +08:00
build/images/favicon-32x32.png: 2021-04-05 22:21:43.212976580 +08:00
build/images/bg.jpg: 2021-04-05 22:21:43.151197262 +08:00
