---
build/images/favicon-16x16.png: 2021-03-14 19:51:31.232461064 +08:00
build/images/android-chrome-192x192.png: 2021-03-14 19:51:31.151273888 +08:00
build/images/apple-touch-icon.png: 2021-03-14 19:51:31.153197599 +08:00
build/images/android-chrome-512x512.png: 2021-03-14 19:51:31.152802066 +08:00
build/images/logo.png: 2021-03-14 19:51:31.235108346 +08:00
build/images/overlay.png: 2021-03-14 19:51:31.235410194 +08:00
build/images/favicon-32x32.png: 2021-03-14 19:51:31.232723762 +08:00
build/images/bg.jpg: 2021-03-14 19:51:31.180206326 +08:00
