---
build/images/favicon-16x16.png: 2021-03-14 13:56:17.131373501 +08:00
build/images/android-chrome-192x192.png: 2021-03-14 13:56:17.130238171 +08:00
build/images/apple-touch-icon.png: 2021-03-14 13:56:17.131191220 +08:00
build/images/android-chrome-512x512.png: 2021-03-14 13:56:17.130942504 +08:00
build/images/logo.png: 2021-03-14 13:56:17.132903214 +08:00
build/images/overlay.png: 2021-03-14 13:56:22.698868754 +08:00
build/images/favicon-32x32.png: 2021-03-14 13:56:17.131525310 +08:00
build/images/bg.jpg: 2021-03-14 13:56:29.624420472 +08:00
