---
build/images/favicon-16x16.png: 2021-03-14 15:08:38.939511549 +08:00
build/images/android-chrome-192x192.png: 2021-03-14 15:08:38.937631173 +08:00
build/images/apple-touch-icon.png: 2021-03-14 15:08:38.938781851 +08:00
build/images/android-chrome-512x512.png: 2021-03-14 15:08:38.938485079 +08:00
build/images/logo.png: 2021-03-14 15:08:38.941285225 +08:00
build/images/overlay.png: 2021-03-14 15:08:38.941648287 +08:00
build/images/favicon-32x32.png: 2021-03-14 15:08:38.939664954 +08:00
build/images/bg.jpg: 2021-03-14 15:08:38.939297816 +08:00
