---
build/images/favicon-16x16.png: 2021-03-14 19:59:47.793281706 +08:00
build/images/android-chrome-192x192.png: 2021-03-14 19:59:47.732732537 +08:00
build/images/apple-touch-icon.png: 2021-03-14 19:59:47.733865808 +08:00
build/images/android-chrome-512x512.png: 2021-03-14 19:59:47.733647317 +08:00
build/images/logo.png: 2021-03-14 19:59:47.794575815 +08:00
build/images/overlay.png: 2021-03-14 19:59:47.794761918 +08:00
build/images/favicon-32x32.png: 2021-03-14 19:59:47.793391568 +08:00
build/images/bg.jpg: 2021-03-14 19:59:47.760217090 +08:00
