---
build/images/favicon-16x16.png: 2021-03-14 14:05:24.915499287 +08:00
build/images/android-chrome-192x192.png: 2021-03-14 14:05:24.913809721 +08:00
build/images/apple-touch-icon.png: 2021-03-14 14:05:24.914890713 +08:00
build/images/android-chrome-512x512.png: 2021-03-14 14:05:24.914649775 +08:00
build/images/logo.png: 2021-03-14 14:05:24.917108756 +08:00
build/images/overlay.png: 2021-03-14 14:05:24.917325128 +08:00
build/images/favicon-32x32.png: 2021-03-14 14:05:24.915653073 +08:00
build/images/bg.jpg: 2021-03-14 14:05:24.915314754 +08:00
