---
build/images/favicon-16x16.png: 2021-08-04 23:54:56.237835198 +08:00
build/images/android-chrome-192x192.png: 2021-08-04 23:54:56.147912481 +08:00
build/images/apple-touch-icon.png: 2021-08-04 23:54:56.148980810 +08:00
build/images/events-9-16-ratio/20th-february-2021-managing-high-and-low-performers.png: 2021-08-04
  23:54:56.218420893 +08:00
build/images/events-9-16-ratio/3rd-april-2021-architects.png: 2021-08-04 23:54:56.226020432
  +08:00
build/images/events-9-16-ratio/3rd-july-2021-developer-productivity-at-scale.png: 2021-08-04
  23:54:56.233186915 +08:00
build/images/events-9-16-ratio/15th-september-2021-small-talk-overseas.png: 2021-08-04
  23:55:51.803149787 +08:00
build/images/events-9-16-ratio/9th-june-2021-engineering-productivity-metrics-and-morale.png: 2021-08-04
  23:54:56.236029161 +08:00
build/images/events-9-16-ratio/4th-august-2021-the-need-for-application-security.png: 2021-08-04
  23:54:56.234334749 +08:00
build/images/events-9-16-ratio/20-mar-2021-working-better-together.png: 2021-08-04
  23:54:56.215909399 +08:00
build/images/events-9-16-ratio/2021-fullcycle-engineering-leadership.png: 2021-08-04
  23:54:56.217668916 +08:00
build/images/events-9-16-ratio/2020-gdg-sg-devfest.png: 2021-08-04 23:54:56.216512858
  +08:00
build/images/events-9-16-ratio/16th-january-2021-engineering-leadership.png: 2021-08-04
  23:54:56.212259156 +08:00
build/images/events-9-16-ratio/17th-april-2021-engineer-career-paths.png: 2021-08-04
  23:54:56.215046208 +08:00
build/images/events-9-16-ratio/17th-august-2021-small-talk-mentor.png: 2021-08-04
  23:59:31.451056221 +08:00
build/images/android-chrome-512x512.png: 2021-08-04 23:54:56.148717957 +08:00
build/images/logo.png: 2021-08-04 23:54:56.239752946 +08:00
build/images/overlay.png: 2021-08-04 23:54:56.239958536 +08:00
build/images/favicon-32x32.png: 2021-08-04 23:54:56.238051708 +08:00
build/images/bg.jpg: 2021-08-04 23:54:56.176722561 +08:00
