---
build/images/favicon-16x16.png: 2021-03-14 13:23:41.806633124 +08:00
build/images/android-chrome-192x192.png: 2021-03-14 13:23:45.649336912 +08:00
build/images/apple-touch-icon.png: 2021-03-14 13:23:45.074637846 +08:00
build/images/android-chrome-512x512.png: 2021-03-14 13:24:00.774437219 +08:00
build/images/logo.png: 2021-03-14 13:24:21.589514544 +08:00
build/images/favicon-32x32.png: 2021-03-14 13:23:45.096791497 +08:00
