---
build/images/favicon-16x16.png: 2021-03-14 19:07:17.192107304 +08:00
build/images/android-chrome-192x192.png: 2021-03-14 19:07:17.146208848 +08:00
build/images/apple-touch-icon.png: 2021-03-14 19:07:17.147438978 +08:00
build/images/android-chrome-512x512.png: 2021-03-14 19:07:17.147082290 +08:00
build/images/logo.png: 2021-03-14 19:07:17.193481366 +08:00
build/images/overlay.png: 2021-03-14 19:07:17.193718720 +08:00
build/images/favicon-32x32.png: 2021-03-14 19:07:17.192231907 +08:00
build/images/bg.jpg: 2021-03-14 19:07:17.148343457 +08:00
