---
build/images/favicon-16x16.png: 2021-05-02 19:11:47.924225564 +08:00
build/images/android-chrome-192x192.png: 2021-05-02 19:11:47.728484251 +08:00
build/images/apple-touch-icon.png: 2021-05-02 19:11:47.730001878 +08:00
build/images/events-9-16-ratio/20th-february-2021-managing-high-and-low-performers.png: 2021-05-02
  19:11:47.921467153 +08:00
build/images/events-9-16-ratio/3rd-april-2021-architects.png: 2021-05-02 19:11:47.923940691
  +08:00
build/images/events-9-16-ratio/9th-june-2021-engineering-productivity-metrics-and-morale.png: 2021-05-02
  19:13:05.228477407 +08:00
build/images/events-9-16-ratio/20-mar-2021-working-better-together.png: 2021-05-02
  19:11:47.918495215 +08:00
build/images/events-9-16-ratio/2021-fullcycle-engineering-leadership.png: 2021-05-02
  19:11:47.920864227 +08:00
build/images/events-9-16-ratio/2020-gdg-sg-devfest.png: 2021-05-02 19:11:47.919826478
  +08:00
build/images/events-9-16-ratio/16th-january-2021-engineering-leadership.png: 2021-05-02
  19:11:47.913156042 +08:00
build/images/events-9-16-ratio/17th-april-2021-engineer-career-paths.png: 2021-05-02
  19:11:47.916951318 +08:00
build/images/android-chrome-512x512.png: 2021-05-02 19:11:47.729458073 +08:00
build/images/logo.png: 2021-05-02 19:11:47.925619174 +08:00
build/images/overlay.png: 2021-05-02 19:11:47.925888207 +08:00
build/images/favicon-32x32.png: 2021-05-02 19:11:47.924397896 +08:00
build/images/bg.jpg: 2021-05-02 19:11:47.761875151 +08:00
