---
build/images/favicon-16x16.png: 2021-05-25 02:32:20.260634157 +08:00
build/images/android-chrome-192x192.png: 2021-05-25 02:32:20.172119402 +08:00
build/images/apple-touch-icon.png: 2021-05-25 02:32:20.172958827 +08:00
build/images/events-9-16-ratio/20th-february-2021-managing-high-and-low-performers.png: 2021-05-25
  02:32:20.254218657 +08:00
build/images/events-9-16-ratio/3rd-april-2021-architects.png: 2021-05-25 02:32:20.257538666
  +08:00
build/images/events-9-16-ratio/9th-june-2021-engineering-productivity-metrics-and-morale.png: 2021-05-25
  02:32:20.260011185 +08:00
build/images/events-9-16-ratio/20-mar-2021-working-better-together.png: 2021-05-25
  02:32:20.251038263 +08:00
build/images/events-9-16-ratio/2021-fullcycle-engineering-leadership.png: 2021-05-25
  02:32:20.252844819 +08:00
build/images/events-9-16-ratio/2020-gdg-sg-devfest.png: 2021-05-25 02:32:20.251639207
  +08:00
build/images/events-9-16-ratio/16th-january-2021-engineering-leadership.png: 2021-05-25
  02:32:20.247236073 +08:00
build/images/events-9-16-ratio/17th-april-2021-engineer-career-paths.png: 2021-05-25
  02:32:20.250131883 +08:00
build/images/android-chrome-512x512.png: 2021-05-25 02:32:20.172764386 +08:00
build/images/logo.png: 2021-05-25 02:32:20.262934720 +08:00
build/images/overlay.png: 2021-05-25 02:32:20.263199708 +08:00
build/images/favicon-32x32.png: 2021-05-25 02:32:20.260858888 +08:00
build/images/bg.jpg: 2021-05-25 02:32:20.196552408 +08:00
