---
build/images/favicon-16x16.png: 2021-03-20 14:44:01.734509157 +08:00
build/images/android-chrome-192x192.png: 2021-03-20 14:44:01.663564344 +08:00
build/images/apple-touch-icon.png: 2021-03-20 14:44:01.664559061 +08:00
build/images/android-chrome-512x512.png: 2021-03-20 14:44:01.664279949 +08:00
build/images/logo.png: 2021-03-20 14:44:01.735978364 +08:00
build/images/overlay.png: 2021-03-20 14:44:01.736191075 +08:00
build/images/favicon-32x32.png: 2021-03-20 14:44:01.734749655 +08:00
build/images/bg.jpg: 2021-03-20 14:44:01.700612078 +08:00
