---
build/images/favicon-16x16.png: 2021-03-14 21:36:09.670927780 +08:00
build/images/android-chrome-192x192.png: 2021-03-14 21:36:09.606553891 +08:00
build/images/apple-touch-icon.png: 2021-03-14 21:36:09.607646677 +08:00
build/images/android-chrome-512x512.png: 2021-03-14 21:36:09.607391346 +08:00
build/images/logo.png: 2021-03-14 21:36:09.672769609 +08:00
build/images/overlay.png: 2021-03-14 21:36:09.674775046 +08:00
build/images/favicon-32x32.png: 2021-03-14 21:36:09.671142743 +08:00
build/images/bg.jpg: 2021-03-14 21:36:09.634374861 +08:00
