---
build/images/favicon-16x16.png: 2021-03-21 10:09:53.747289199 +08:00
build/images/android-chrome-192x192.png: 2021-03-21 10:09:53.642588542 +08:00
build/images/apple-touch-icon.png: 2021-03-21 10:09:53.643720387 +08:00
build/images/events-9-16-ratio/20th-february-2021-managing-high-and-low-performers.png: 2021-03-21
  10:09:53.744000649 +08:00
build/images/events-9-16-ratio/3rd-april-2021-architects.png: 2021-03-21 10:09:53.746992547
  +08:00
build/images/events-9-16-ratio/20-mar-2021-working-better-together.png: 2021-03-21
  10:09:53.735809675 +08:00
build/images/events-9-16-ratio/2021-fullcycle-engineering-leadership.png: 2021-03-21
  10:09:53.739605067 +08:00
build/images/events-9-16-ratio/2020-gdg-sg-devfest.png: 2021-03-21 10:09:53.738577952
  +08:00
build/images/events-9-16-ratio/16th-january-2021-engineering-leadership.png: 2021-03-21
  10:09:53.732648030 +08:00
build/images/events-9-16-ratio/17th-april-2021-engineer-career-paths.png: 2021-03-21
  10:09:53.734893671 +08:00
build/images/android-chrome-512x512.png: 2021-03-21 10:09:53.643405333 +08:00
build/images/logo.png: 2021-03-21 10:09:53.749297185 +08:00
build/images/overlay.png: 2021-03-21 10:09:53.749623429 +08:00
build/images/favicon-32x32.png: 2021-03-21 10:09:53.747489231 +08:00
build/images/bg.jpg: 2021-03-21 10:09:53.676974558 +08:00
